function h = history(t)
%     h = [0.106002 0.602491 0.132503];
    h = [0.1 0.55 0.12];
end